0.214286
0.000000
0.000000
0.500000
0.214286
0.000000
0.062500
0.000000
0.333333
0.062500
0.000000
0.117647
0.400000
0.285714
0.125000
0.166667
0.312500
0.266667
0.000000
0.000000
0.000000
0.000000
0.000000
0.230769
0.000000
0.142857
0.058824
0.111111
0.000000
0.166667
0.000000
0.071429
0.000000
0.000000
0.230769
0.000000
0.000000
0.333333
0.000000
0.000000
0.000000
0.000000
0.066667
0.000000
0.142857
0.142857
0.125000
0.117647
0.000000
0.307692
0.058824
0.058824
0.000000
0.214286
0.052632
0.000000
0.200000
0.250000
0.176471
0.000000
0.500000
0.000000
0.133333
0.285714
0.071429
0.000000
0.058824
0.076923
0.000000
0.133333
0.250000
0.000000
0.000000
0.235294
0.117647
0.187500
0.357143
0.000000
0.066667
0.133333
0.333333
0.066667
0.000000
0.153846
0.000000
0.117647
0.000000
0.090909
0.066667
0.176471
0.200000
0.000000
0.357143
0.133333
0.125000
0.000000
0.000000
0.058824
0.153846
0.176471
0.000000
0.000000
0.000000
0.000000
0.000000
0.000000
0.000000
0.000000
0.000000
0.000000
0.000000
0.000000
0.000000
0.000000
0.000000
0.000000
0.000000
0.000000
0.000000
0.000000
0.000000
0.000000
0.000000
0.000000
0.000000
0.047619
0.000000
0.000000
0.000000
0.000000
0.000000
0.000000
0.000000
0.000000
0.000000
0.000000
0.000000
0.000000
0.000000
0.000000
0.000000
0.000000
0.000000
0.000000
0.000000
0.000000
0.000000
0.000000
0.000000
0.000000
0.000000
0.000000
0.000000
0.000000
0.000000
0.000000
0.000000
0.000000
0.000000
0.000000
0.000000
0.111111
0.062500
0.000000
0.000000
0.000000
0.000000
0.000000
0.000000
0.000000
0.000000
0.000000
0.000000
0.000000
0.000000
0.000000
0.000000
0.047619
0.000000
0.000000
0.000000
0.000000
0.000000
0.000000
0.000000
0.000000
0.000000
0.000000
0.000000
0.000000
0.000000
0.000000
0.000000
0.000000
0.000000
0.000000
0.000000
0.000000
0.000000
0.000000
