0.063131
0.005922
0.006550
0.097576
0.057650
0.005037
0.030221
0.005056
0.066999
0.024684
0.004474
0.043696
0.127167
0.080830
0.050174
0.043698
0.105820
0.080929
0.004382
0.003502
0.006540
0.004097
0.005293
0.064295
0.006701
0.046624
0.019767
0.054465
0.005790
0.044595
0.005351
0.022303
0.003590
0.007362
0.057901
0.003597
0.003254
0.087850
0.004836
0.009486
0.002892
0.015251
0.026495
0.009950
0.035866
0.034448
0.050874
0.033841
0.004380
0.061197
0.026395
0.039327
0.003575
0.054167
0.032294
0.007327
0.056660
0.053249
0.059464
0.008227
0.127896
0.003815
0.050261
0.076802
0.034725
0.006994
0.018799
0.025861
0.003897
0.033693
0.088786
0.005108
0.006377
0.110575
0.048967
0.056263
0.108212
0.002615
0.021936
0.055550
0.058688
0.023639
0.004750
0.039913
0.006954
0.050093
0.007214
0.018838
0.019187
0.072324
0.060453
0.004860
0.086786
0.048731
0.047366
0.004073
0.002974
0.016661
0.029484
0.071952
0.004210
0.004204
0.003089
0.004573
0.006001
0.004124
0.004474
0.009330
0.008533
0.003449
0.006172
0.007246
0.004683
0.016273
0.004854
0.003931
0.007672
0.004932
0.005652
0.011988
0.005326
0.008200
0.005635
0.007186
0.003937
0.018259
0.003890
0.004657
0.003912
0.010550
0.003874
0.007313
0.005475
0.006826
0.010233
0.008074
0.004694
0.008381
0.008286
0.006524
0.008588
0.006862
0.005976
0.005889
0.003926
0.005578
0.004690
0.005167
0.006731
0.003652
0.004686
0.005753
0.010802
0.008667
0.007019
0.005758
0.008686
0.003515
0.007814
0.004454
0.004424
0.061216
0.014724
0.009792
0.004291
0.004352
0.005564
0.004802
0.010470
0.009396
0.003238
0.012097
0.004237
0.003481
0.003421
0.007969
0.005127
0.024046
0.003809
0.002935
0.008273
0.005552
0.011444
0.006823
0.004994
0.009117
0.005034
0.002797
0.005172
0.004100
0.006561
0.006626
0.002816
0.011163
0.009431
0.007816
0.002386
0.003973
0.005946
0.005503
